frmMain = -8, 148, 655, 616, C, 38, 17, 649, 567, C
Module1 = 1, 97, 667, 584, C
ModIni = 46, 62, 687, 507, C
frmSetting = 14, 14, 655, 459, C, 46, 73, 577, 518, C
frmAbout = 110, 150, 641, 625, C, 44, 60, 575, 505, C
fx = 110, 150, 641, 595, C
