frmMain = 85, 20, 672, 488, C, 5, 19, 616, 569, C
Module1 = 113, 102, 662, 589, 
ModIni = 27, 59, 668, 504, 
frmSetting = 14, 14, 655, 459, C, 46, 73, 577, 518, C
frmAbout = 110, 150, 641, 625, C, 44, 60, 575, 505, C
fx = 110, 150, 641, 595, C
