frmMain = 90, 124, 677, 592, , 39, 15, 650, 565, C
Module1 = 111, 86, 665, 573, C
ModIni = 27, 59, 668, 504, C
frmSetting = 14, 14, 655, 459, C, 46, 73, 577, 518, C
frmAbout = 110, 150, 641, 625, C, 44, 60, 575, 505, C
fx = 110, 150, 641, 595, C
